Res1,Res2,Freq,NumFrames,,TotalFrames:,26900
L183:F181:L226:L190,F182:F180:F225:F189,0.02936803,790
2x53,2x56,0.02438662,656
2x53,2x57,0.00397770,107
6x31,8x53,0.00078067,21
2x53,2x51,0.00037175,10
5x61,5x58,0.00003717,1
5x44,5x45,0.00011152,3
12x48,6x32,0.00018587,5
2x39,2x38,0.20126394,5414
2x39,2x39,0.29684015,7985
2x39,2x37,0.46412639,12485
45x52,L183:F181:L226:L190,0.06130112,1649
12x49,12x49,0.24501859,6591
Q177:E175:E220:Q184,23x52,0.00014870,4
A175:D173:P218:D182,P18:T15:G61:S22,0.00494424,133
45x51,6x51,0.00040892,11
S184:S182:S227:S191,D393:P415:S519:S428,0.00817844,220
1x57,8x49,0.00081784,22
1x52,1x56,0.00171004,46
3x38,2x46,0.00003717,1
3x38,2x45,0.00468401,126
45x52,5x40,0.09029740,2429
2x56,2x56,0.01918216,516
2x58,2x551,0.00330855,89
L174:E172:P217:P181,23x49,0.00249071,67
45x50,7x42,0.03546468,954
7x54,6x36,0.00141264,38
A175:D173:P218:D182,K392:A414:D518:Q427,0.00137546,37
1x26,2x64,0.00226766,61
1x26,2x65,0.00513011,138
1x26,2x66,0.00297398,80
7x56,8x51,0.03085502,830
3x32,3x28,0.16657993,4481
3x32,3x29,0.22643123,6091
2x65,1x32,0.00007435,2
45x51,7x34,0.00219331,59
A175:D173:P218:D182,23x49,0.01587361,427
45x51,7x38,0.00178439,48
2x42,2x45,0.00078067,21
2x42,2x41,0.00111524,30
3x49,3x45,0.00394052,106
3x49,3x46,0.01598513,430
3x49,3x48,0.00011152,3
3x49,3x49,0.29710037,7992
7x49,2x46,0.09483271,2551
7x49,2x43,0.00007435,2
2x39,34x51,0.00011152,3
4x61,45x51,0.00014870,4
F182:F180:F225:F189,4x57,0.00011152,3
6x58,6x59,0.16234201,4367
6x58,6x58,0.24587361,6614
34x56,4x39,0.00066914,18
34x56,4x38,0.14386617,3870
6x58,6x51,0.00104089,28
6x58,6x57,0.02390335,643
6x58,6x55,0.01762082,474
6x58,6x54,0.00096654,26
3x41,4x45,0.00026022,7
G176:G174:G219:N183,45x51,0.00245353,66
G176:G174:G219:N183,45x52,0.00011152,3
45x50,3x33,0.00130112,35
34x56,34x50,0.00092937,25
4x42,2x41,0.00219331,59
1x31,G19:S16:G62:S23,0.02386617,642
34x56,34x52,0.12925651,3477
6x32,8x51,0.00237918,64
3x55,5x69,0.01033457,278
4x47,4x43,0.00014870,4
7x39,2x60,0.00319703,86
F182:F180:F225:F189,F182:F180:F225:F189,0.02066914,556
4x39,34x53,0.00096654,26
6x34,3x51,0.00007435,2
1x50,1x50,0.00085502,23
6x34,3x54,0.00018587,5
1x43,1x46,0.00007435,2
Q181:Q179:Q224:Q188,S184:S182:S227:S191,0.34732342,9343
4x65,V173:V171:V216:V180,0.01892193,509
1x43,1x43,0.03639405,979
R171:R169:R214:R178,4x68,0.00182156,49
R171:R169:R214:R178,4x69,0.22669145,6098
6x40,6x44,0.13349442,3591
R171:R169:R214:R178,4x62,0.00003717,1
7x41,7x37,0.01230483,331
R171:R169:R214:R178,4x61,0.00111524,30
R171:R169:R214:R178,4x64,0.00650558,175
R171:R169:R214:R178,4x65,0.40379182,10862
5x43,6x48,0.00044610,12
12x50,4x40,0.00126394,34
T172:T170:T215:T179,V173:V171:V216:V180,0.32650558,8783
6x34,5x58,0.00862454,232
2x39,3x45,0.00040892,11
2x50,3x36,0.00014870,4
2x39,3x49,0.86591078,23293
2x56,3x28,0.23044610,6199
G89:G87:N132:G96,23x50,0.00022305,6
7x31,P18:T15:G61:S22,0.00609665,164
6x31,7x56,0.00776952,209
7x46,2x56,0.00089219,24
3x29,3x28,0.00338290,91
45x52,S184:S182:S227:S191,0.03174721,854
2x50,3x39,0.48457249,13035
3x32,7x46,0.00003717,1
5x38,6x59,0.00092937,25
3x32,7x42,0.52657993,14165
3x32,7x41,0.00185874,50
6x46,6x49,0.00182156,49
1x46,1x45,0.00026022,7
G21:Y18:T64:N25,1x33,0.00007435,2
12x50,2x41,0.00226766,61
6x46,6x47,0.00052045,14
1x31,1x31,0.71843866,19326
4x67,4x68,0.07182156,1932
34x55,3x50,0.00003717,1
4x67,4x67,0.00003717,1
A175:D173:P218:D182,7x34,0.00286245,77
7x34,7x33,0.00066914,18
A175:D173:P218:D182,7x31,0.00141264,38
7x34,7x34,0.01267658,341
7x34,7x38,0.04936803,1328
A175:D173:P218:D182,7x38,0.00052045,14
3x49,3x56,0.00104089,28
G176:G174:G219:N183,P18:T15:G61:S22,0.00379182,102
Q177:E175:E220:Q184,Q177:E175:E220:Q184,0.21223048,5709
5x36,5x40,0.26609665,7158
3x21,L174:E172:P217:P181,0.00003717,1
1x60,12x49,0.21665428,5828
3x49,34x53,0.23825279,6409
3x49,34x54,0.00003717,1
G21:Y18:T64:N25,1x30,0.00014870,4
5x41,6x55,0.00014870,4
2x53,3x28,0.03014870,811
6x38,3x47,0.00007435,2
7x31,D393:P415:S519:S428,0.05115242,1376
5x41,6x59,0.00215613,58
5x65,5x69,0.01334572,359
6x58,C394:C416:C520:C429,0.47717472,12836
8x56,1x58,0.00022305,6
8x56,1x59,0.01814126,488
5x65,5x65,0.10256506,2759
5x65,5x67,0.14888476,4005
3x42,4x46,0.07613383,2048
4x42,4x43,0.04992565,1343
4x42,4x41,0.09092937,2446
4x42,4x40,0.01542751,415
4x42,4x46,0.00003717,1
4x42,4x45,0.00003717,1
4x42,4x44,0.00111524,30
7x51,7x48,0.01234201,332
3x46,6x34,0.00003717,1
2x66,1x29,0.00078067,21
2x66,1x27,0.01000000,269
7x51,7x47,0.02784387,749
3x26,E170:V168:K213:K177,0.00137546,37
34x55,34x56,0.12293680,3307
34x55,34x57,0.08973978,2414
34x55,34x54,0.03877323,1043
34x55,34x55,0.00416357,112
34x55,34x52,0.16817844,4524
34x55,34x53,0.07286245,1960
34x55,34x50,0.01230483,331
34x55,34x51,0.05460967,1469
Q177:E175:E220:Q184,G89:G87:N132:G96,0.15345725,4128
3x25,45x51,0.01104089,297
1x52,1x48,0.00011152,3
6x49,6x51,0.00003717,1
5x66,5x61,0.02784387,749
5x66,5x60,0.03431227,923
5x66,5x63,0.13524164,3638
5x66,5x62,0.17579926,4729
5x66,5x65,0.14464684,3891
L183:F181:L226:L190,D393:P415:S519:S428,0.00044610,12
5x66,5x67,0.16234201,4367
1x50,7x50,0.00011152,3
5x66,5x69,0.03721190,1001
5x66,5x68,0.20141264,5418
45x50,6x51,0.20832714,5604
45x50,2x63,0.18271375,4915
45x50,2x60,0.00096654,26
45x50,7x34,0.19052045,5125
45x50,7x35,0.00022305,6
L174:E172:P217:P181,23x50,0.08185874,2202
L174:E172:P217:P181,23x51,0.00011152,3
45x50,7x38,0.30078067,8091
3x42,4x53,0.00003717,1
3x42,4x50,0.02814126,757
A175:D173:P218:D182,23x52,0.11721190,3153
A175:D173:P218:D182,23x50,0.11416357,3071
A175:D173:P218:D182,23x51,0.00055762,15
6x32,1x56,0.00014870,4
5x61,3x55,0.00007435,2
23x52,3x24,0.12249071,3295
23x52,3x23,0.08193309,2204
4x46,2x45,0.00672862,181
6x32,1x59,0.00014870,4
G176:G174:G219:N183,T172:T170:T215:T179,0.00018587,5
1x46,7x43,0.00003717,1
G176:G174:G219:N183,G89:G87:N132:G96,0.12710037,3419
F182:F180:F225:F189,5x43,0.00182156,49
34x57,12x49,0.00074349,20
34x57,12x48,0.00040892,11
7x49,3x39,0.04048327,1089
5x58,5x58,0.00078067,21
4x39,2x38,0.00706320,190
3x32,45x50,0.00033457,9
3x32,45x52,0.00007435,2
6x43,6x47,0.00048327,13
4x38,4x39,0.15773234,4243
4x38,4x38,0.16624535,4472
4x69,3x23,0.00003717,1
1x31,1x27,0.21806691,5866
2x51,7x46,0.00022305,6
3x32,7x38,0.33966543,9137
6x54,7x34,0.00018587,5
4x64,4x68,0.00133829,36
4x64,4x64,0.00884758,238
2x59,23x50,0.00007435,2
L183:F181:L226:L190,3x33,0.00018587,5
6x32,8x49,0.11903346,3202
8x50,1x56,0.00420074,113
7x41,7x40,0.00133829,36
34x50,5x69,0.00063197,17
7x41,7x42,0.03598513,968
L174:E172:P217:P181,P18:T15:G61:S22,0.00022305,6
1x50,1x46,0.00159851,43
1x50,1x45,0.00007435,2
12x48,2x41,0.00929368,250
12x48,2x40,0.03702602,996
3x26,45x52,0.00026022,7
3x26,45x51,0.42568773,11451
3x26,45x50,0.00085502,23
7x49,2x50,0.53405204,14366
12x48,34x51,0.00011152,3
1x57,2x41,0.01260223,339
12x48,34x54,0.01918216,516
6x56,5x37,0.00315985,85
34x54,4x39,0.00018587,5
34x54,4x38,0.00029740,8
3x42,2x46,0.03877323,1043
3x42,2x45,0.21788104,5861
3x42,2x42,0.00130112,35
L174:E172:P217:P181,V173:V171:V216:V180,0.12379182,3330
3x32,2x53,0.00412639,111
3x32,2x56,0.46059480,12390
3x32,2x54,0.00033457,9
4x40,2x37,0.00490706,132
23x50,7x38,0.00085502,23
5x47,5x43,0.00048327,13
4x40,2x38,0.00018587,5
12x50,34x54,0.01438662,387
2x54,1x44,0.00029740,8
G89:G87:N132:G96,23x49,0.00531599,143
L174:E172:P217:P181,7x34,0.00003717,1
R171:R169:R214:R178,V173:V171:V216:V180,0.36840149,9910
R171:R169:R214:R178,K392:A414:D518:Q427,0.00014870,4
3x26,A175:D173:P218:D182,0.00910781,245
4x69,4x67,0.02007435,540
1x36,2x58,0.00107807,29
4x66,4x68,0.00282528,76
3x39,7x46,0.00275093,74
G21:Y18:T64:N25,K20:P17:H63:H24,0.33107807,8906
4x66,4x67,0.12509294,3365
45x50,45x52,0.01003717,270
45x50,45x51,0.00944238,254
45x50,45x50,0.08029740,2160
3x22,T172:T170:T215:T179,0.01672862,450
7x34,2x63,0.01828996,492
4x69,4x69,0.00200743,54
5x37,S184:S182:S227:S191,0.00405204,109
2x64,2x63,0.01513011,407
2x64,2x65,0.24475836,6584
2x64,2x66,0.00583643,157
Q181:Q179:Q224:Q188,L183:F181:L226:L190,0.08048327,2165
4x59,4x57,0.00003717,1
4x65,F182:F180:F225:F189,0.10211896,2747
6x61,D393:P415:S519:S428,0.20591078,5539
45x51,V173:V171:V216:V180,0.00066914,18
12x49,2x37,0.15832714,4259
12x49,2x38,0.00174721,47
6x32,7x53,0.00059480,16
4x46,4x41,0.00003717,1
7x39,1x38,0.00003717,1
1x60,12x51,0.03070632,826
1x60,12x50,0.01806691,486
3x39,6x48,0.00018587,5
5x63,6x34,0.00007435,2
E170:V168:K213:K177,S184:S182:S227:S191,0.00185874,50
5x45,5x48,0.00003717,1
5x45,5x41,0.00003717,1
3x22,E170:V168:K213:K177,0.00189591,51
2x53,2x551,0.00137546,37
K20:P17:H63:H24,23x49,0.00330855,89
3x50,5x68,0.00724907,195
3x50,5x69,0.00486989,131
3x50,5x66,0.00133829,36
3x50,5x67,0.02308550,621
1x27,1x33,0.00460967,124
3x50,5x65,0.25427509,6840
7x51,7x56,0.00011152,3
3x38,3x37,0.00014870,4
4x65,E170:V168:K213:K177,0.10040892,2701
3x50,5x61,0.00156134,42
2x40,2x41,0.05899628,1587
2x40,2x40,0.22338290,6009
2x40,2x43,0.00011152,3
2x40,2x42,0.00022305,6
2x40,2x44,0.00029740,8
8x50,8x53,0.00126394,34
8x50,8x54,0.00026022,7
12x48,4x40,0.00011152,3
2x45,3x35,0.00018587,5
1x50,7x46,0.00267658,72
1x50,7x47,0.00026022,7
3x49,2x38,0.02501859,673
2x40,12x50,0.03654275,983
3x49,2x37,0.00914498,246
6x48,7x42,0.00427509,115
5x42,5x39,0.00003717,1
1x58,2x41,0.03066914,825
Q181:Q179:Q224:Q188,45x52,0.05936803,1597
Q181:Q179:Q224:Q188,45x51,0.38602230,10384
3x29,6x51,0.00211896,57
2x65,P18:T15:G61:S22,0.00066914,18
8x49,8x53,0.10431227,2806
G176:G174:G219:N183,23x49,0.00814126,219
7x34,3x33,0.00078067,21
3x36,3x36,0.05598513,1506
3x36,3x35,0.00152416,41
3x36,3x33,0.02297398,618
3x36,3x39,0.01133829,305
34x57,12x50,0.00460967,124
34x57,12x51,0.19360595,5208
7x41,2x56,0.00007435,2
8x47,1x60,0.07631970,2053
G176:G174:G219:N183,2x66,0.00011152,3
G176:G174:G219:N183,2x63,0.08866171,2385
1x39,7x39,0.03739777,1006
5x68,5x58,0.00271375,73
G176:G174:G219:N183,2x60,0.00003717,1
2x57,7x39,0.00252788,68
23x50,23x50,0.02940520,791
1x31,1x32,0.06933086,1865
1x31,1x33,0.00223048,60
1x31,1x30,0.10472119,2817
C435:C457:L560:C470,C435:C457:L560:C470,0.00553903,149
A175:D173:P218:D182,G19:S16:G62:S23,0.00037175,10
1x31,1x34,0.01297398,349
1x31,1x35,0.00565056,152
12x49,34x54,0.00301115,81
12x49,34x51,0.00089219,24
12x49,34x52,0.00026022,7
3x42,4x45,0.02360595,635
A175:D173:P218:D182,2x63,0.00330855,89
2x52,2x551,0.00587361,158
8x52,1x59,0.00252788,68
8x52,1x56,0.00029740,8
E170:V168:K213:K177,V173:V171:V216:V180,0.00219331,59
C394:C416:C520:C429,6x57,0.02992565,805
3x22,23x49,0.00022305,6
E170:V168:K213:K177,T172:T170:T215:T179,0.20122677,5413
R171:R169:R214:R178,23x50,0.00007435,2
5x64,6x31,0.00776952,209
4x50,3x35,0.00018587,5
4x46,4x45,0.00490706,132
4x39,2x37,0.00617100,166
2x47,2x50,0.00862454,232
4x53,3x33,0.00104089,28
Q181:Q179:Q224:Q188,5x40,0.13888476,3736
4x69,E170:V168:K213:K177,0.16371747,4404
6x61,C394:C416:C520:C429,0.36230483,9746
6x58,D393:P415:S519:S428,0.39167286,10536
1x40,2x61,0.00431227,116
P18:T15:G61:S22,D393:P415:S519:S428,0.00003717,1
2x39,34x54,0.05349442,1439
5x36,6x60,0.00007435,2
3x39,7x53,0.01769517,476
3x28,7x38,0.01460967,393
2x50,7x46,0.37178439,10001
6x44,6x49,0.00011152,3
6x44,6x48,0.00256506,69
2x50,7x41,0.00115242,31
6x44,6x47,0.01617100,435
1x60,8x49,0.13100372,3524
6x58,5x37,0.00208178,56
5x48,6x51,0.00003717,1
3x55,3x54,0.04059480,1092
2x39,4x39,0.00029740,8
4x63,4x64,0.00048327,13
3x55,3x51,0.17617100,4739
5x43,4x57,0.00390335,105
2x40,4x40,0.00007435,2
5x43,5x39,0.00029740,8
12x49,2x41,0.02579926,694
5x461,3x41,0.00003717,1
K392:A414:D518:Q427,5x37,0.00029740,8
R171:R169:R214:R178,S184:S182:S227:S191,0.00052045,14
Q181:Q179:Q224:Q188,Q181:Q179:Q224:Q188,0.19579926,5267
8x52,8x50,0.00018587,5
L183:F181:L226:L190,7x34,0.00014870,4
8x52,8x52,0.00635688,171
5x61,5x65,0.01717472,462
5x61,5x67,0.00501859,135
5x61,5x62,0.01081784,291
5x61,5x63,0.00178439,48
G176:G174:G219:N183,45x50,0.02936803,790
5x61,5x69,0.00055762,15
4x54,4x57,0.00052045,14
4x54,4x53,0.00044610,12
4x54,4x50,0.00011152,3
12x49,7x53,0.00096654,26
6x59,7x34,0.00003717,1
34x55,12x49,0.00394052,106
34x55,12x48,0.00319703,86
G21:Y18:T64:N25,2x63,0.00033457,9
4x38,34x53,0.01490706,401
G21:Y18:T64:N25,2x64,0.00672862,181
4x61,T172:T170:T215:T179,0.00055762,15
G21:Y18:T64:N25,2x66,0.01200743,323
8x47,8x53,0.00215613,58
8x47,8x52,0.00033457,9
8x47,8x51,0.12903346,3471
3x28,3x24,0.00014870,4
3x28,3x28,0.03152416,848
4x60,4x61,0.01498141,403
4x60,4x63,0.00003717,1
4x60,4x62,0.00026022,7
4x60,4x65,0.02219331,597
4x60,4x64,0.01531599,412
3x52,34x50,0.00148699,40
7x31,C394:C416:C520:C429,0.00576208,155
G176:G174:G219:N183,K20:P17:H63:H24,0.00241636,65
P18:T15:G61:S22,P18:T15:G61:S22,0.24356877,6552
1x27,1x27,0.01237918,333
R171:R169:R214:R178,23x52,0.00152416,41
8x49,1x59,0.00505576,136
4x42,2x42,0.00003717,1
3x29,4x57,0.01286245,346
7x47,7x39,0.00308550,83
1x49,1x45,0.00003717,1
2x64,G19:S16:G62:S23,0.00055762,15
8x50,8x49,0.00494424,133
2x56,2x60,0.00118959,32
7x31,23x49,0.00011152,3
6x39,7x49,0.00026022,7
12x48,4x39,0.00070632,19
6x31,12x50,0.00706320,190
L183:F181:L226:L190,S184:S182:S227:S191,0.10884758,2928
45x51,4x64,0.00011152,3
2x41,1x59,0.00003717,1
2x40,12x49,0.24836431,6681
3x22,3x22,0.00003717,1
2x59,2x63,0.01256506,338
5x68,3x51,0.01866171,502
5x68,3x53,0.02152416,579
5x68,3x54,0.03970260,1068
5x68,3x55,0.05925651,1594
5x68,3x56,0.02944238,792
S184:S182:S227:S191,4x64,0.08115242,2183
6x38,5x58,0.00059480,16
23x51,23x49,0.00936803,252
5x48,6x53,0.00130112,35
2x42,2x38,0.00226766,61
8x49,8x49,0.24356877,6552
G176:G174:G219:N183,23x50,0.23825279,6409
G176:G174:G219:N183,23x51,0.01843866,496
G176:G174:G219:N183,23x52,0.03587361,965
C394:C416:C520:C429,V395:I417:I521:I430,0.33148699,8917
12x49,1x56,0.00420074,113
3x36,4x57,0.00081784,22
12x49,1x58,0.02293680,617
12x49,1x59,0.01799257,484
12x49,6x33,0.00085502,23
12x49,6x32,0.01966543,529
1x46,7x42,0.07925651,2132
F182:F180:F225:F189,4x64,0.10483271,2820
2x39,4x38,0.00007435,2
3x50,3x51,0.00011152,3
3x50,3x50,0.60278810,16215
3x50,3x53,0.03758364,1011
3x55,3x55,0.06802974,1830
3x50,3x54,0.00550186,148
3x50,3x56,0.00092937,25
2x46,4x50,0.00085502,23
5x44,5x48,0.00014870,4
5x36,K392:A414:D518:Q427,0.00951673,256
2x43,7x53,0.02542751,684
1x32,1x33,0.04382900,1179
23x50,23x49,0.01197026,322
6x38,6x34,0.00078067,21
6x51,7x42,0.05520446,1485
3x47,3x47,0.00063197,17
7x36,7x35,0.00052045,14
12x50,4x38,0.00022305,6
7x36,7x33,0.00003717,1
7x36,7x32,0.00033457,9
Q177:E175:E220:Q184,3x21,0.00003717,1
5x66,3x56,0.00386617,104
5x66,3x54,0.02973978,800
5x66,3x55,0.00743494,200
5x66,3x52,0.00011152,3
5x66,3x53,0.00672862,181
5x66,3x51,0.00315985,85
3x22,23x52,0.00881041,237
5x68,5x69,0.19066914,5129
3x22,23x50,0.00011152,3
12x48,1x60,0.19899628,5353
5x68,5x63,0.05156134,1387
5x68,5x62,0.01669145,449
5x68,5x61,0.00721190,194
5x68,5x60,0.05438662,1463
5x68,5x67,0.31561338,8490
5x68,5x65,0.09126394,2455
6x59,6x59,0.03353160,902
4x46,4x50,0.01706320,459
6x59,6x55,0.03118959,839
6x59,6x57,0.00011152,3
4x62,4x63,0.00048327,13
7x31,7x38,0.00022305,6
7x31,7x34,0.01130112,304
7x31,7x35,0.10539033,2835
7x31,7x32,0.09609665,2585
7x31,7x33,0.00014870,4
7x31,7x30,0.03925651,1056
2x47,2x43,0.00732342,197
8x48,8x47,0.10546468,2837
45x52,F182:F180:F225:F189,0.00394052,106
Q181:Q179:Q224:Q188,V173:V171:V216:V180,0.02587361,696
8x48,8x49,0.09728625,2617
8x48,8x48,0.00022305,6
G89:G87:N132:G96,2x66,0.02052045,552
G89:G87:N132:G96,2x65,0.02888476,777
G89:G87:N132:G96,2x64,0.03089219,831
G89:G87:N132:G96,2x63,0.06066914,1632
G89:G87:N132:G96,2x62,0.00130112,35
Q177:E175:E220:Q184,2x64,0.00003717,1
1x34,1x37,0.00011152,3
1x34,1x30,0.01509294,406
5x36,Q181:Q179:Q224:Q188,0.15617100,4201
6x48,5x48,0.00003717,1
2x61,7x39,0.01022305,275
7x54,8x47,0.16710037,4495
8x49,7x53,0.02460967,662
3x56,3x55,0.28390335,7637
7x54,8x49,0.00026022,7
7x54,8x48,0.01163569,313
4x56,4x59,0.00037175,10
A175:D173:P218:D182,Q177:E175:E220:Q184,0.39609665,10655
L183:F181:L226:L190,L183:F181:L226:L190,0.00278810,75
4x56,4x53,0.00795539,214
2x50,7x53,0.61137546,16446
4x56,4x55,0.34605948,9309
4x56,4x54,0.00033457,9
4x56,4x57,0.04695167,1263
7x47,7x47,0.02869888,772
3x36,7x38,0.00728625,196
7x39,7x43,0.00148699,40
7x39,7x42,0.00130112,35
3x28,7x42,0.03888476,1046
4x38,2x37,0.00118959,32
4x38,2x38,0.00037175,10
3x22,4x65,0.15237918,4099
1x31,K20:P17:H63:H24,0.00888476,239
1x50,7x53,0.53665428,14436
7x54,7x55,0.19736059,5309
7x54,7x56,0.00602230,162
3x22,4x69,0.00003717,1
7x54,7x53,0.00561338,151
7x54,7x52,0.00096654,26
4x43,4x44,0.12832714,3452
G19:S16:G62:S23,G19:S16:G62:S23,0.24018587,6461
4x43,4x40,0.18423792,4956
4x43,4x41,0.00379182,102
7x45,2x56,0.00003717,1
7x45,2x50,0.42884758,11536
2x37,2x38,0.27055762,7278
8x52,8x49,0.13516729,3636
2x37,2x37,0.10918216,2937
G89:G87:N132:G96,L174:E172:P217:P181,0.00003717,1
5x41,5x37,0.00204461,55
5x41,5x39,0.00003717,1
34x54,2x38,0.06208178,1670
34x55,12x50,0.02486989,669
34x55,12x51,0.04044610,1088
3x38,3x42,0.00843866,227
34x54,2x37,0.07453532,2005
3x49,12x51,0.00137546,37
K20:P17:H63:H24,1x30,0.00007435,2
R171:R169:R214:R178,L174:E172:P217:P181,0.19301115,5192
C435:C457:L560:C470,1x58,0.00472119,127
R171:R169:R214:R178,23x49,0.00018587,5
5x57,5x58,0.00003717,1
6x52,3x36,0.00011152,3
C435:C457:L560:C470,1x55,0.00007435,2
6x52,3x33,0.10977695,2953
G176:G174:G219:N183,G21:Y18:T64:N25,0.00107807,29
4x56,5x43,0.00442379,119
A175:D173:P218:D182,G89:G87:N132:G96,0.01278810,344
34x52,34x53,0.07877323,2119
1x60,8x56,0.01104089,297
1x60,8x50,0.00037175,10
1x60,8x53,0.12858736,3459
1x60,8x52,0.01624535,437
3x50,2x38,0.00029740,8
1x39,2x60,0.01327138,357
1x39,2x61,0.04323420,1163
4x59,4x64,0.00007435,2
5x66,5x58,0.01724907,464
5x66,5x59,0.00702602,189
6x31,12x49,0.04877323,1312
6x31,12x48,0.05066914,1363
7x31,23x50,0.00174721,47
34x55,4x38,0.00070632,19
34x55,4x39,0.00003717,1
P18:T15:G61:S22,1x30,0.00003717,1
4x43,2x41,0.00691450,186
12x49,4x40,0.00003717,1
3x50,12x49,0.00092937,25
12x51,4x38,0.03327138,895
12x51,4x39,0.09687732,2606
3x26,V173:V171:V216:V180,0.00635688,171
3x21,23x50,0.15899628,4277
3x21,23x51,0.03334572,897
3x21,23x52,0.05152416,1386
8x47,8x47,0.09130112,2456
K392:A414:D518:Q427,L174:E172:P217:P181,0.00014870,4
1x27,23x49,0.00115242,31
6x39,5x58,0.00007435,2
3x23,3x24,0.22936803,6170
K392:A414:D518:Q427,T172:T170:T215:T179,0.00249071,67
2x66,2x66,0.01342007,361
2x66,2x63,0.00115242,31
2x66,2x62,0.00516729,139
1x40,1x43,0.00063197,17
1x40,1x44,0.00026022,7
G21:Y18:T64:N25,2x65,0.00769517,207
4x65,4x66,0.02063197,555
4x65,4x67,0.00037175,10
4x65,4x64,0.09029740,2429
4x65,4x65,0.31059480,8355
4x65,4x62,0.07628253,2052
4x65,4x63,0.00074349,20
4x65,4x61,0.20278810,5455
4x65,4x68,0.00167286,45
4x65,4x69,0.28182156,7581
3x29,7x38,0.00881041,237
45x52,6x59,0.18423792,4956
6x39,6x35,0.00624535,168
3x50,3x46,0.00613383,165
45x52,6x51,0.04014870,1080
3x50,3x49,0.53988848,14523
45x52,6x55,0.00211896,57
45x52,6x56,0.00003717,1
1x32,1x27,0.00241636,65
1x32,1x29,0.11732342,3156
8x47,8x50,0.02182156,587
Q181:Q179:Q224:Q188,D393:P415:S519:S428,0.01386617,373
34x54,5x69,0.00003717,1
4x42,3x49,0.00029740,8
5x38,K392:A414:D518:Q427,0.00078067,21
6x59,3x33,0.00026022,7
2x46,7x53,0.03568773,960
6x35,5x69,0.00066914,18
6x35,5x67,0.00185874,50
8x48,7x55,0.01182156,318
6x35,5x65,0.01405204,378
6x35,5x62,0.01754647,472
6x35,5x61,0.00033457,9
A175:D173:P218:D182,D393:P415:S519:S428,0.00319703,86
2x551,2x56,0.00014870,4
3x22,L174:E172:P217:P181,0.00007435,2
G89:G87:N132:G96,G19:S16:G62:S23,0.00245353,66
1x41,1x37,0.00033457,9
3x28,2x60,0.00003717,1
G19:S16:G62:S23,2x63,0.00003717,1
6x58,A175:D173:P218:D182,0.00260223,70
3x52,34x52,0.00033457,9
3x52,34x53,0.00483271,130
5x40,5x43,0.12479554,3357
5x40,5x40,0.10460967,2814
7x48,7x47,0.01349442,363
L183:F181:L226:L190,E170:V168:K213:K177,0.00018587,5
8x53,8x53,0.05873606,1580
3x22,R171:R169:R214:R178,0.24263941,6527
8x48,8x55,0.00118959,32
8x48,8x52,0.03806691,1024
8x48,8x53,0.00003717,1
8x48,8x50,0.00122677,33
8x48,8x51,0.02598513,699
4x60,F182:F180:F225:F189,0.24256506,6525
R171:R169:R214:R178,T172:T170:T215:T179,0.18219331,4901
1x60,1x56,0.08486989,2283
1x60,1x57,0.10048327,2703
7x54,8x50,0.00832714,224
7x54,8x51,0.16260223,4374
7x54,8x55,0.00007435,2
1x60,1x58,0.10126394,2724
1x60,1x59,0.06873606,1849
3x45,34x53,0.00033457,9
4x60,S184:S182:S227:S191,0.00003717,1
34x56,34x54,0.04167286,1121
34x56,34x57,0.22256506,5987
34x56,34x56,0.81799257,22004
23x52,23x51,0.02167286,583
23x52,23x50,0.16379182,4406
34x56,34x53,0.06806691,1831
23x52,23x52,0.00706320,190
7x37,7x38,0.00063197,17
2x54,2x551,0.00208178,56
7x37,7x33,0.00063197,17
3x41,3x40,0.00003717,1
7x37,7x36,0.00003717,1
7x37,6x51,0.71215613,19157
2x50,3x35,0.00070632,19
3x43,3x47,0.00156134,42
1x39,1x39,0.00576208,155
12x51,34x54,0.09918216,2668
12x51,34x51,0.00026022,7
2x46,2x42,0.00026022,7
2x46,2x45,0.06806691,1831
S184:S182:S227:S191,5x40,0.18449814,4963
5x461,5x43,0.00074349,20
5x46,4x57,0.00122677,33
6x31,2x39,0.01587361,427
2x64,23x49,0.00003717,1
K392:A414:D518:Q427,45x52,0.00583643,157
8x51,8x49,0.00070632,19
1x58,1x56,0.00003717,1
7x31,V395:I417:I521:I430,0.80944238,21774
2x64,1x32,0.00037175,10
5x64,5x59,0.00033457,9
3x38,3x39,0.00122677,33
2x65,23x49,0.00011152,3
5x66,6x31,0.02423792,652
5x66,6x35,0.00308550,83
5x66,6x34,0.00066914,18
K20:P17:H63:H24,1x29,0.01457249,392
1x52,8x50,0.00003717,1
K20:P17:H63:H24,1x27,0.02092937,563
7x31,K392:A414:D518:Q427,0.00126394,34
1x52,8x53,0.00100372,27
1x57,7x53,0.00078067,21
23x50,V173:V171:V216:V180,0.00144981,39
R171:R169:R214:R178,3x26,0.63104089,16975
R171:R169:R214:R178,3x25,0.02018587,543
R171:R169:R214:R178,3x23,0.03553903,956
R171:R169:R214:R178,3x21,0.00048327,13
P18:T15:G61:S22,G19:S16:G62:S23,0.29286245,7878
6x51,7x38,0.10914498,2936
6x42,6x38,0.00007435,2
L183:F181:L226:L190,5x40,0.45973978,12367
L183:F181:L226:L190,5x43,0.00475836,128
G176:G174:G219:N183,V395:I417:I521:I430,0.00479554,129
3x26,F182:F180:F225:F189,0.14078067,3787
P18:T15:G61:S22,2x60,0.00018587,5
P18:T15:G61:S22,2x63,0.00126394,34
12x49,8x53,0.00115242,31
7x31,G19:S16:G62:S23,0.00375465,101
P18:T15:G61:S22,1x27,0.00624535,168
1x56,7x53,0.02884758,776
2x46,3x39,0.41037175,11039
3x21,23x49,0.00029740,8
P18:T15:G61:S22,1x29,0.00193309,52
34x57,34x52,0.00052045,14
34x57,34x53,0.25159851,6768
34x57,34x54,0.31011152,8342
R171:R169:R214:R178,G176:G174:G219:N183,0.00144981,39
34x57,34x57,0.46821561,12595
6x31,12x51,0.00297398,80
G176:G174:G219:N183,3x21,0.09014870,2425
34x52,5x69,0.00133829,36
4x65,4x59,0.00007435,2
3x36,3x40,0.00152416,41
6x54,6x55,0.00029740,8
C394:C416:C520:C429,C394:C416:C520:C429,0.03631970,977
2x57,7x46,0.00003717,1
2x57,7x42,0.00033457,9
8x56,8x51,0.00003717,1
2x55,1x50,0.00033457,9
8x56,8x53,0.01888476,508
8x56,8x52,0.14736059,3964
5x461,6x52,0.01966543,529
8x56,8x57,0.01148699,309
8x56,8x56,0.30587361,8228
8x56,8x59,0.02137546,575
8x56,8x58,0.00208178,56
7x31,G89:G87:N132:G96,0.00799257,215
6x35,5x58,0.19635688,5282
E170:V168:K213:K177,L174:E172:P217:P181,0.00011152,3
S184:S182:S227:S191,V173:V171:V216:V180,0.00040892,11
1x50,2x46,0.01639405,441
1x28,1x31,0.40591078,10919
1x60,7x53,0.09040892,2432
7x51,8x51,0.00159851,43
7x48,7x50,0.00003717,1
G89:G87:N132:G96,P18:T15:G61:S22,0.00609665,164
5x67,34x52,0.00003717,1
45x51,2x63,0.00014870,4
1x55,1x56,0.00074349,20
1x55,1x54,0.00022305,6
7x34,6x55,0.00144981,39
1x55,1x58,0.00330855,89
1x55,1x59,0.00126394,34
7x34,6x51,0.23386617,6291
5x36,6x58,0.00022305,6
5x36,6x59,0.00226766,61
4x52,4x54,0.00033457,9
4x52,4x57,0.00379182,102
4x52,4x56,0.00382900,103
S184:S182:S227:S191,7x34,0.00029740,8
4x52,4x53,0.00405204,109
2x48,2x52,0.00033457,9
2x48,2x53,0.00048327,13
23x52,23x49,0.00204461,55
R171:R169:R214:R178,45x51,0.34921933,9394
R171:R169:R214:R178,45x50,0.00122677,33
R171:R169:R214:R178,45x52,0.00360595,97
6x48,3x33,0.02724907,733
1x26,23x49,0.00059480,16
L174:E172:P217:P181,L174:E172:P217:P181,0.00490706,132
7x37,7x40,0.00007435,2
5x64,3x54,0.15565056,4187
7x37,6x47,0.74531599,20049
5x64,3x56,0.00014870,4
5x64,3x50,0.00018587,5
5x64,3x51,0.00007435,2
7x37,6x48,0.00052045,14
8x55,C435:C457:L560:C470,0.01000000,269
7x31,2x64,0.00003717,1
7x31,2x63,0.04018587,1081
7x31,2x60,0.00174721,47
3x30,4x57,0.02085502,561
D393:P415:S519:S428,D393:P415:S519:S428,0.16252788,4372
6x31,5x62,0.04475836,1204
6x31,5x63,0.00011152,3
5x36,5x39,0.00208178,56
6x31,5x61,0.00620818,167
4x65,L183:F181:L226:L190,0.00256506,69
6x31,5x65,0.14501859,3901
2x66,G19:S16:G62:S23,0.00252788,68
6x31,5x69,0.01973978,531
5x36,5x37,0.00368030,99
5x36,5x36,0.29453532,7923
6x45,6x46,0.00003717,1
5x43,5x43,0.00159851,43
45x51,L174:E172:P217:P181,0.00583643,157
45x52,T172:T170:T215:T179,0.00033457,9
1x60,1x60,0.14182156,3815
6x45,6x49,0.00081784,22
12x48,8x52,0.00096654,26
12x48,8x53,0.00011152,3
12x48,8x56,0.00111524,30
Q177:E175:E220:Q184,7x35,0.09446097,2541
Q177:E175:E220:Q184,7x34,0.20011152,5383
Q177:E175:E220:Q184,7x30,0.00111524,30
Q177:E175:E220:Q184,7x32,0.00022305,6
8x51,8x50,0.01769517,476
8x51,8x51,0.00271375,73
8x51,8x52,0.01933086,520
8x51,8x53,0.00007435,2
5x64,5x67,0.09810409,2639
5x64,5x66,0.13070632,3516
5x64,5x65,0.06334572,1704
5x64,5x64,0.00252788,68
5x64,5x63,0.03167286,852
5x64,5x62,0.02208178,594
5x64,5x61,0.02178439,586
5x64,5x60,0.04167286,1121
2x64,1x27,0.00137546,37
5x64,5x69,0.02241636,603
5x64,5x68,0.07338290,1974
3x37,4x57,0.01011152,272
3x37,4x56,0.00438662,118
12x48,2x37,0.01795539,483
3x37,4x53,0.33695167,9064
3x37,4x52,0.00133829,36
2x63,2x62,0.00085502,23
2x63,2x63,0.00542751,146
V395:I417:I521:I430,6x57,0.00368030,99
4x60,4x59,0.00081784,22
K392:A414:D518:Q427,L183:F181:L226:L190,0.00434944,117
2x57,1x43,0.00364312,98
4x69,T172:T170:T215:T179,0.00092937,25
23x49,2x62,0.00680297,183
E170:V168:K213:K177,3x23,0.00122677,33
4x60,4x55,0.31141264,8377
4x60,4x56,0.32613383,8773
4x60,4x57,0.04315985,1161
3x31,2x56,0.00141264,38
6x37,6x38,0.00018587,5
1x56,8x49,0.10944238,2944
Q177:E175:E220:Q184,V173:V171:V216:V180,0.00342007,92
7x49,7x53,0.10550186,2838
7x49,7x50,0.00360595,97
6x58,S184:S182:S227:S191,0.01100372,296
K392:A414:D518:Q427,6x59,0.22572491,6072
K392:A414:D518:Q427,6x55,0.00003717,1
34x55,6x31,0.00096654,26
L183:F181:L226:L190,5x37,0.00130112,35
5x46,5x461,0.00230483,62
L183:F181:L226:L190,5x39,0.00007435,2
2x39,7x53,0.00070632,19
5x65,6x34,0.27973978,7525
6x31,3x55,0.00026022,7
6x31,3x54,0.00423792,114
6x31,3x56,0.00397770,107
6x31,3x53,0.00390335,105
R171:R169:R214:R178,A175:D173:P218:D182,0.50394052,13556
L183:F181:L226:L190,T172:T170:T215:T179,0.00037175,10
4x49,3x42,0.00003717,1
7x56,6x32,0.09810409,2639
7x56,6x33,0.00014870,4
7x56,6x36,0.09111524,2451
7x56,6x34,0.00003717,1
12x49,1x57,0.02460967,662
A175:D173:P218:D182,K20:P17:H63:H24,0.00200743,54
5x38,5x39,0.01936803,521
3x50,6x31,0.04739777,1275
3x50,6x32,0.00460967,124
3x50,6x33,0.03940520,1060
3x50,6x34,0.75178439,20223
3x50,6x35,0.00018587,5
6x56,5x40,0.00037175,10
A175:D173:P218:D182,45x52,0.00003717,1
A175:D173:P218:D182,45x50,0.01315985,354
5x38,5x36,0.15695167,4222
3x25,23x50,0.00022305,6
6x52,6x56,0.00185874,50
2x58,1x44,0.00126394,34
Q177:E175:E220:Q184,G19:S16:G62:S23,0.00055762,15
4x44,4x39,0.00003717,1
6x31,34x54,0.00498141,134
1x57,1x59,0.01241636,334
4x39,2x41,0.11877323,3195
6x31,34x50,0.00100372,27
6x31,34x51,0.01000000,269
6x31,34x52,0.00033457,9
3x49,4x41,0.00007435,2
1x57,1x53,0.00003717,1
1x57,1x54,0.00007435,2
6x61,S184:S182:S227:S191,0.00003717,1
1x57,1x56,0.00769517,207
S184:S182:S227:S191,7x38,0.00011152,3
34x51,5x67,0.00037175,10
34x51,5x69,0.00498141,134
2x55,1x43,0.00579926,156
2x55,1x46,0.00033457,9
2x64,2x60,0.00003717,1
7x49,1x50,0.00267658,72
8x56,8x49,0.00014870,4
6x58,7x30,0.00182156,49
6x58,7x31,0.01684015,453
6x58,7x34,0.09100372,2448
1x59,1x59,0.00007435,2
K392:A414:D518:Q427,6x57,0.00018587,5
4x57,3x33,0.00550186,148
A175:D173:P218:D182,E170:V168:K213:K177,0.00408922,110
7x36,7x40,0.00059480,16
4x57,4x57,0.00130112,35
4x57,4x55,0.03561338,958
Q181:Q179:Q224:Q188,K392:A414:D518:Q427,0.06368030,1713
K20:P17:H63:H24,2x64,0.00416357,112
12x48,1x59,0.22375465,6019
34x53,34x53,0.00148699,40
12x48,1x57,0.02739777,737
1x56,1x56,0.04754647,1279
12x48,1x55,0.00014870,4
12x48,1x54,0.00018587,5
1x50,2x50,0.87486989,23534
1x50,2x51,0.00022305,6
3x21,3x24,0.01888476,508
3x21,3x21,0.00007435,2
3x21,3x23,0.01085502,292
34x55,2x38,0.00029740,8
34x55,2x39,0.00141264,38
23x49,V173:V171:V216:V180,0.00230483,62
34x55,2x37,0.00505576,136
12x51,2x38,0.01453532,391
12x51,2x37,0.11635688,3130
K20:P17:H63:H24,23x50,0.00003717,1
3x45,3x46,0.00052045,14
5x64,3x55,0.00200743,54
G176:G174:G219:N183,Q181:Q179:Q224:Q188,0.02126394,572
1x56,8x53,0.05263941,1416
2x66,23x50,0.00442379,119
2x66,23x51,0.00576208,155
1x54,1x53,0.00003717,1
34x51,3x52,0.00092937,25
1x26,G89:G87:N132:G96,0.00111524,30
34x51,3x56,0.02237918,602
34x51,3x54,0.00022305,6
2x65,2x62,0.00014870,4
2x65,2x63,0.00011152,3
2x65,2x61,0.00003717,1
2x65,2x66,0.08000000,2152
2x65,2x65,0.00003717,1
8x52,8x53,0.01382900,372
2x55,7x46,0.00078067,21
12x51,1x59,0.04000000,1076
12x51,1x58,0.21260223,5719
2x55,7x42,0.00014870,4
12x51,1x57,0.04788104,1288
12x51,1x56,0.00743494,200
3x48,3x52,0.00003717,1
1x57,12x50,0.02044610,550
7x39,7x38,0.00063197,17
7x39,7x39,0.02531599,681
E170:V168:K213:K177,4x68,0.33605948,9040
1x32,1x34,0.00078067,21
8x48,1x60,0.00386617,104
E170:V168:K213:K177,4x64,0.06739777,1813
E170:V168:K213:K177,4x67,0.00018587,5
E170:V168:K213:K177,4x66,0.00063197,17
3x30,4x61,0.00003717,1
3x30,4x65,0.00003717,1
1x32,1x30,0.00977695,263
6x31,5x58,0.02286245,615
2x56,7x38,0.01721190,463
5x461,3x36,0.02933086,789
5x461,3x37,0.21910781,5894
6x60,S184:S182:S227:S191,0.00144981,39
5x461,3x33,0.00182156,49
12x48,8x49,0.00442379,119
12x48,8x47,0.00003717,1
7x40,7x42,0.00011152,3
1x28,1x29,0.18107807,4871
1x28,1x28,0.80472119,21647
3x42,3x41,0.00096654,26
1x28,1x27,0.16899628,4546
5x69,6x33,0.00011152,3
2x39,12x50,0.00167286,45
5x43,3x33,0.10137546,2727
4x60,T172:T170:T215:T179,0.00137546,37
2x47,1x50,0.00118959,32
45x52,7x42,0.00111524,30
2x39,2x41,0.00052045,14
2x39,2x40,0.19011152,5114
2x39,2x43,0.00334572,90
2x39,2x42,0.00553903,149
2x57,1x39,0.00278810,75
7x52,6x36,0.05672862,1526
7x52,6x32,0.00007435,2
7x49,7x48,0.00022305,6
7x49,7x49,0.40524164,10901
7x49,7x46,0.08728625,2348
5x55,5x52,0.00011152,3
5x55,5x51,0.00040892,11
5x55,5x55,0.00011152,3
7x40,6x48,0.00033457,9
3x39,4x50,0.00144981,39
7x40,6x47,0.00654275,176
3x32,6x48,0.21762082,5854
3x30,3x31,0.00026022,7
3x33,7x38,0.05040892,1356
G89:G87:N132:G96,1x27,0.00089219,24
45x50,K392:A414:D518:Q427,0.00011152,3
6x31,5x67,0.03843866,1034
2x51,2x551,0.00557621,150
3x42,3x35,0.00007435,2
6x31,3x49,0.00022305,6
3x42,3x39,0.12401487,3336
6x48,7x38,0.00003717,1
12x49,4x39,0.00133829,36
12x51,8x53,0.00011152,3
Q181:Q179:Q224:Q188,6x60,0.00003717,1
1x26,1x32,0.00940520,253
P18:T15:G61:S22,23x49,0.00208178,56
F182:F180:F225:F189,T172:T170:T215:T179,0.00702602,189
7x55,7x53,0.00182156,49
6x49,6x48,0.00007435,2
6x49,6x49,0.00903346,243
1x26,1x33,0.00446097,120
G176:G174:G219:N183,7x35,0.00617100,166
G176:G174:G219:N183,7x34,0.02780669,748
G176:G174:G219:N183,7x32,0.00026022,7
G176:G174:G219:N183,7x31,0.13100372,3524
G176:G174:G219:N183,7x30,0.00018587,5
1x60,2x40,0.18412639,4953
G176:G174:G219:N183,7x38,0.01888476,508
34x50,3x54,0.00092937,25
34x50,3x55,0.00327138,88
Q177:E175:E220:Q184,1x27,0.00011152,3
1x28,P18:T15:G61:S22,0.06323420,1701
4x59,4x55,0.00026022,7
3x54,5x69,0.05791822,1558
1x31,P18:T15:G61:S22,0.00468401,126
5x68,34x52,0.00037175,10
5x68,34x51,0.00572491,154
5x68,34x50,0.01416357,381
5x68,34x54,0.00014870,4
2x64,7x32,0.00003717,1
2x64,7x35,0.00026022,7
G176:G174:G219:N183,S184:S182:S227:S191,0.00085502,23
12x51,7x53,0.00011152,3
C435:C457:L560:C470,8x58,0.02096654,564
C435:C457:L560:C470,8x59,0.09438662,2539
4x42,2x37,0.00007435,2
C435:C457:L560:C470,8x52,0.00122677,33
4x42,2x38,0.00029740,8
C435:C457:L560:C470,8x56,0.03531599,950
C435:C457:L560:C470,8x57,0.01111524,299
3x46,3x47,0.00003717,1
2x40,7x53,0.08933086,2403
2x551,3x28,0.00007435,2
K392:A414:D518:Q427,K392:A414:D518:Q427,0.23152416,6228
1x26,P18:T15:G61:S22,0.03617100,973
5x461,4x57,0.00007435,2
2x45,4x50,0.03936803,1059
C394:C416:C520:C429,D393:P415:S519:S428,0.12092937,3253
7x49,6x40,0.82044610,22070
7x49,6x47,0.00011152,3
7x49,6x44,0.13412639,3608
6x58,5x41,0.00003717,1
5x60,5x59,0.00130112,35
5x60,5x56,0.01706320,459
4x41,4x39,0.01527881,411
4x41,4x38,0.09821561,2642
6x58,45x52,0.02171004,584
1x36,1x40,0.00174721,47
6x58,45x50,0.00011152,3
2x58,2x62,0.00007435,2
2x58,2x61,0.09438662,2539
6x32,2x37,0.00107807,29
3x56,3x52,0.02907063,782
3x56,3x51,0.01122677,302
5x66,5x66,0.58312268,15686
Q177:E175:E220:Q184,2x60,0.04014870,1080
Q177:E175:E220:Q184,2x63,0.24750929,6658
3x56,3x54,0.17505576,4709
2x66,23x49,0.17996283,4841
12x51,12x50,0.10107807,2719
12x51,12x51,0.21286245,5726
3x26,T172:T170:T215:T179,0.00773234,208
3x50,2x39,0.51174721,13766
3x50,2x37,0.00602230,162
3x22,V173:V171:V216:V180,0.00762082,205
5x44,3x33,0.00356877,96
7x52,7x56,0.05591078,1504
7x52,7x55,0.00568773,153
7x52,7x53,0.00795539,214
Q177:E175:E220:Q184,7x38,0.06539033,1759
8x57,8x53,0.00628253,169
8x57,8x54,0.00018587,5
4x62,4x66,0.00189591,51
Q181:Q179:Q224:Q188,F182:F180:F225:F189,0.53241636,14322
1x35,7x39,0.00327138,88
8x57,8x58,0.01174721,316
8x57,8x59,0.01758364,473
3x53,34x53,0.01762082,474
3x53,34x52,0.00100372,27
3x53,34x51,0.01769517,476
3x53,34x50,0.35040892,9426
5x51,5x52,0.00007435,2
K392:A414:D518:Q427,5x40,0.00892193,240
Q177:E175:E220:Q184,45x52,0.00011152,3
Q177:E175:E220:Q184,45x51,0.13070632,3516
G21:Y18:T64:N25,7x31,0.00063197,17
G21:Y18:T64:N25,7x32,0.00063197,17
G21:Y18:T64:N25,7x35,0.00003717,1
6x61,Q177:E175:E220:Q184,0.00003717,1
2x39,4x40,0.00003717,1
23x52,L174:E172:P217:P181,0.00472119,127
2x64,1x29,0.00033457,9
1x58,1x54,0.00197026,53
2x45,2x45,0.22171004,5964
2x45,2x41,0.00356877,96
1x35,2x61,0.00011152,3
1x58,1x59,0.10271375,2763
1x58,1x58,0.09003717,2422
2x56,7x42,0.05914498,1591
4x65,3x23,0.02710037,729
2x39,12x49,0.03691450,993
4x65,3x27,0.00018587,5
1x28,1x30,0.01598513,430
2x47,2x46,0.00661710,178
1x28,1x32,0.06412639,1725
1x28,1x33,0.00003717,1
5x36,4x65,0.00003717,1
Q177:E175:E220:Q184,L174:E172:P217:P181,0.19724907,5306
1x58,8x53,0.00014870,4
34x57,3x49,0.44156134,11878
7x31,7x31,0.89535316,24085
3x30,3x29,0.00531599,143
6x35,6x32,0.05565056,1497
6x35,6x33,0.00159851,43
6x35,6x34,0.07334572,1973
6x35,6x35,0.46936803,12626
6x35,6x36,0.00509294,137
6x35,6x38,0.00014870,4
3x56,34x52,0.05245353,1411
3x56,34x53,0.08345725,2245
3x56,34x50,0.24156134,6498
2x49,4x50,0.00003717,1
3x56,34x54,0.00003717,1
6x37,3x47,0.00312268,84
5x46,3x37,0.01159851,312
4x65,T172:T170:T215:T179,0.06096654,1640
12x51,6x32,0.00018587,5
3x53,3x51,0.00014870,4
3x53,3x52,0.00215613,58
3x53,3x54,0.04078067,1097
3x53,3x55,0.00052045,14
3x53,3x56,0.32334572,8698
3x29,7x42,0.00118959,32
Q181:Q179:Q224:Q188,5x37,0.00022305,6
3x32,6x51,0.11855019,3189
5x37,5x40,0.00516729,139
3x30,3x26,0.02011152,541
3x33,7x42,0.00078067,21
34x54,34x53,0.00241636,65
34x54,34x52,0.00379182,102
34x54,34x54,0.00011152,3
5x44,6x51,0.00011152,3
5x44,6x52,0.01237918,333
12x51,8x49,0.00230483,62
3x42,3x43,0.00003717,1
3x42,3x42,0.05598513,1506
2x54,2x57,0.00565056,152
2x54,2x56,0.00174721,47
7x31,45x50,0.00200743,54
2x54,2x53,0.00594796,160
1x34,1x38,0.00007435,2
4x65,Q181:Q179:Q224:Q188,0.06464684,1739
7x30,D393:P415:S519:S428,0.00416357,112
2x40,6x32,0.00676580,182
2x40,6x33,0.00014870,4
2x40,6x36,0.00026022,7
2x49,7x46,0.08762082,2357
6x56,6x55,0.00029740,8
6x56,6x57,0.00263941,71
6x56,6x59,0.01449814,390
4x65,S184:S182:S227:S191,0.02375465,639
7x35,7x32,0.00546468,147
4x48,4x49,0.00003717,1
7x35,7x34,0.00379182,102
7x35,7x35,0.04710037,1267
4x48,4x44,0.00003717,1
7x35,7x38,0.00003717,1
7x35,7x39,0.00223048,60
1x28,G19:S16:G62:S23,0.07944238,2137
6x61,V395:I417:I521:I430,0.08635688,2323
K20:P17:H63:H24,G19:S16:G62:S23,0.36483271,9814
1x34,1x33,0.00241636,65
2x49,2x50,0.42609665,11462
2x49,2x53,0.00189591,51
2x49,2x52,0.00033457,9
6x31,8x47,0.10587361,2848
2x49,2x54,0.01040892,280
1x60,2x37,0.01654275,445
1x60,2x39,0.01565056,421
6x31,8x49,0.03687732,992
3x53,5x69,0.00245353,66
5x60,3x51,0.41338290,11120
3x53,5x67,0.00520446,140
5x60,3x55,0.00464684,125
3x53,5x65,0.00003717,1
6x36,6x33,0.00256506,69
6x36,6x36,0.01014870,273
5x54,5x58,0.00814126,219
5x60,3x54,0.00122677,33
4x58,4x65,0.00003717,1
4x58,4x62,0.00011152,3
4x58,4x60,0.00029740,8
4x58,4x61,0.00007435,2
5x66,34x51,0.00063197,17
5x66,34x50,0.00446097,120
L183:F181:L226:L190,6x51,0.00059480,16
7x41,6x48,0.05003717,1346
5x62,5x69,0.00085502,23
L183:F181:L226:L190,6x55,0.00089219,24
12x50,8x49,0.00052045,14
5x62,5x65,0.04208178,1132
L183:F181:L226:L190,6x59,0.03289963,885
7x41,6x47,0.03345725,900
5x62,5x62,0.07208178,1939
5x60,5x63,0.00342007,92
6x48,6x48,0.06817844,1834
5x60,5x61,0.00245353,66
5x60,5x60,0.18657993,5019
5x60,5x67,0.00078067,21
5x60,5x65,0.01516729,408
8x50,7x53,0.00405204,109
5x60,5x69,0.00338290,91
2x58,2x53,0.00431227,116
2x58,2x52,0.00011152,3
5x37,6x55,0.00821561,221
2x58,2x57,0.00959108,258
2x58,2x56,0.00026022,7
R171:R169:R214:R178,F182:F180:F225:F189,0.01747212,470
2x58,2x54,0.05754647,1548
3x33,3x34,0.00003717,1
2x58,2x59,0.00033457,9
1x42,1x46,0.00029740,8
23x50,7x42,0.00007435,2
5x37,6x59,0.02788104,750
8x55,8x51,0.02263941,609
8x55,8x52,0.05249071,1412
8x55,8x54,0.00078067,21
8x55,8x55,0.46780669,12584
8x55,8x56,0.07475836,2011
8x55,8x57,0.00037175,10
8x55,8x58,0.02442379,657
8x55,8x59,0.02252788,606
8x47,2x40,0.26973978,7256
2x60,2x63,0.09810409,2639
4x53,4x57,0.00806691,217
4x53,4x53,0.29100372,7828
4x53,4x50,0.00048327,13
8x48,6x35,0.00182156,49
8x48,6x32,0.12472119,3355
8x48,6x31,0.00869888,234
1x26,7x31,0.00029740,8
1x26,7x32,0.00936803,252
1x29,1x33,0.05256506,1414
5x44,5x461,0.00007435,2
1x31,2x64,0.00014870,4
1x31,2x65,0.00081784,22
1x31,2x66,0.00026022,7
2x49,3x39,0.00234201,63
2x40,8x49,0.00758364,204
2x49,3x35,0.00018587,5
K20:P17:H63:H24,7x32,0.00007435,2
K20:P17:H63:H24,7x35,0.00044610,12
7x46,7x43,0.00007435,2
7x46,7x42,0.13631970,3667
7x46,7x47,0.01475836,397
7x46,7x46,0.11408922,3069
7x52,7x48,0.00003717,1
7x41,7x38,0.00052045,14
5x40,7x34,0.00007435,2
45x51,T172:T170:T215:T179,0.00111524,30
P18:T15:G61:S22,7x32,0.00011152,3
34x57,2x38,0.14431227,3882
34x57,2x39,0.43635688,11738
34x57,2x37,0.15434944,4152
5x47,6x49,0.00029740,8
5x47,6x48,0.00007435,2
5x61,6x34,0.00312268,84
3x26,4x57,0.01126394,303
V395:I417:I521:I430,P18:T15:G61:S22,0.00029740,8
G21:Y18:T64:N25,23x49,0.00193309,52
2x64,P18:T15:G61:S22,0.00055762,15
12x51,4x40,0.01557621,419
1x43,1x39,0.00237918,64
7x42,2x60,0.00107807,29
1x31,1x29,0.09940520,2674
7x42,2x63,0.00003717,1
3x50,12x51,0.00356877,96
2x40,1x59,0.00026022,7
2x40,1x58,0.00260223,70
2x40,1x57,0.07360595,1980
2x40,1x56,0.00074349,20
T172:T170:T215:T179,3x23,0.00003717,1
2x50,2x53,0.00026022,7
2x50,2x51,0.00111524,30
2x50,2x50,0.78219331,21041
2x50,2x54,0.00628253,169
7x35,2x63,0.24721190,6650
7x35,2x60,0.40918216,11007
6x58,5x40,0.02412639,649
3x39,3x40,0.01847584,497
C394:C416:C520:C429,Q177:E175:E220:Q184,0.02092937,563
34x57,3x53,0.00620818,167
34x57,3x52,0.00048327,13
5x59,5x58,0.00007435,2
5x54,5x55,0.00003717,1
2x40,2x37,0.28769517,7739
8x53,1x59,0.00144981,39
2x41,2x41,0.00011152,3
2x40,2x38,0.01282528,345
8x58,8x59,0.06494424,1747
8x58,8x54,0.00081784,22
2x42,3x39,0.00007435,2
2x37,2x41,0.13342007,3589
8x54,1x56,0.00011152,3
3x32,Q177:E175:E220:Q184,0.00003717,1
K392:A414:D518:Q427,6x60,0.13271375,3570
Q181:Q179:Q224:Q188,6x59,0.05182156,1394
3x36,6x48,0.20182156,5429
6x61,6x60,0.01382900,372
6x61,6x61,0.00665428,179
1x60,6x36,0.00014870,4
5x62,5x67,0.00687732,185
1x60,6x33,0.00011152,3
1x60,6x32,0.00843866,227
G21:Y18:T64:N25,1x27,0.06453532,1736
5x44,6x48,0.00059480,16
4x50,4x50,0.00100372,27
G21:Y18:T64:N25,1x28,0.56089219,15088
G21:Y18:T64:N25,1x29,0.05401487,1453
1x26,G21:Y18:T64:N25,0.19676580,5293
4x49,3x37,0.00011152,3
7x41,6x44,0.00007435,2
Q177:E175:E220:Q184,Q181:Q179:Q224:Q188,0.06074349,1634
R171:R169:R214:R178,Q181:Q179:Q224:Q188,0.15791822,4248
7x37,7x34,0.00022305,6
5x60,5x62,0.00026022,7
Q181:Q179:Q224:Q188,6x55,0.00029740,8
6x36,7x53,0.23672862,6368
4x60,Q181:Q179:Q224:Q188,0.09141264,2459
4x48,4x52,0.00003717,1
4x48,4x53,0.00003717,1
7x54,7x50,0.00044610,12
A175:D173:P218:D182,L174:E172:P217:P181,0.21579926,5805
6x31,8x52,0.00137546,37
2x49,2x45,0.00052045,14
5x44,5x47,0.00100372,27
2x49,2x48,0.00048327,13
5x44,5x43,0.02925651,787
5x44,5x40,0.03706320,997
7x46,6x48,0.00297398,80
2x57,2x56,0.00037175,10
3x56,5x67,0.00297398,80
7x41,7x46,0.59003717,15872
P18:T15:G61:S22,23x50,0.00011152,3
5x36,D393:P415:S519:S428,0.00007435,2
1x44,1x43,0.00245353,66
C394:C416:C520:C429,7x30,0.00527881,142
C394:C416:C520:C429,7x34,0.02144981,577
A175:D173:P218:D182,T172:T170:T215:T179,0.01695167,456
7x32,7x33,0.02617100,704
7x32,7x32,0.25877323,6961
5x53,5x57,0.00003717,1
Q181:Q179:Q224:Q188,L174:E172:P217:P181,0.00033457,9
6x45,5x48,0.00026022,7
4x58,4x53,0.00003717,1
G176:G174:G219:N183,A175:D173:P218:D182,0.32765799,8814
2x58,2x58,0.04947955,1331
4x58,4x57,0.00029740,8
4x58,4x56,0.00029740,8
4x58,4x55,0.00029740,8
4x58,4x54,0.00130112,35
4x58,4x59,0.00003717,1
4x44,4x41,0.00304833,82
45x52,45x51,0.00832714,224
7x46,1x46,0.01286245,346
7x46,1x45,0.00003717,1
45x52,45x52,0.04130112,1111
7x41,6x51,0.01003717,270
12x50,8x53,0.00003717,1
6x51,6x55,0.00048327,13
6x48,6x51,0.00416357,112
34x50,5x67,0.00052045,14
K20:P17:H63:H24,P18:T15:G61:S22,0.23460967,6311
5x36,E170:V168:K213:K177,0.00007435,2
7x42,7x43,0.00059480,16
4x69,4x66,0.02081784,560
1x29,1x29,0.29118959,7833
4x69,4x64,0.09048327,2434
4x60,L183:F181:L226:L190,0.00007435,2
7x34,2x60,0.02345725,631
4x69,4x68,0.15334572,4125
45x50,23x50,0.00475836,128
3x38,4x46,0.00215613,58
Q177:E175:E220:Q184,D393:P415:S519:S428,0.03148699,847
6x32,6x34,0.00479554,129
6x32,6x36,0.03356877,903
6x32,6x33,0.10840149,2916
6x32,6x32,0.04092937,1101
T172:T170:T215:T179,23x49,0.00040892,11
A175:D173:P218:D182,45x51,0.11312268,3043
12x50,2x38,0.00022305,6
12x50,2x37,0.03286245,884
G19:S16:G62:S23,1x29,0.00319703,86
G19:S16:G62:S23,1x27,0.01925651,518
G89:G87:N132:G96,7x32,0.00011152,3
1x43,2x61,0.02468401,664
7x45,6x48,0.06308550,1697
7x45,6x47,0.08315985,2237
7x45,6x44,0.13245353,3563
7x45,6x40,0.79576208,21406
1x42,7x47,0.00037175,10
1x42,7x42,0.00003717,1
4x64,V173:V171:V216:V180,0.00271375,73
2x50,2x46,0.73657993,19814
3x51,5x69,0.00011152,3
34x56,2x38,0.00007435,2
6x32,5x69,0.00401487,108
6x32,5x67,0.00011152,3
6x32,5x65,0.00011152,3
34x56,2x37,0.00059480,16
2x65,1x29,0.00375465,101
1x28,2x66,0.00297398,80
1x28,2x64,0.00011152,3
1x28,2x65,0.00289963,78
6x49,5x48,0.11245353,3025
5x59,5x63,0.00401487,108
5x59,5x62,0.00427509,115
1x29,1x30,0.16040892,4315
5x59,5x67,0.00003717,1
6x58,Q177:E175:E220:Q184,0.04509294,1213
5x68,6x31,0.02371747,638
5x68,6x32,0.00059480,16
5x68,6x35,0.00208178,56
5x68,6x34,0.00022305,6
Q177:E175:E220:Q184,P18:T15:G61:S22,0.00256506,69
G176:G174:G219:N183,6x61,0.00003717,1
3x22,G176:G174:G219:N183,0.00676580,182
1x55,8x53,0.02215613,596
3x50,12x48,0.00011152,3
1x26,1x27,0.20542751,5526
1x26,1x26,0.39241636,10556
1x26,1x29,0.12832714,3452
1x26,1x28,0.12873606,3463
4x60,45x51,0.00003717,1
1x57,1x58,0.04185874,1126
6x61,6x59,0.03951673,1063
6x61,6x57,0.02732342,735
3x36,6x51,0.00416357,112
45x51,S184:S182:S227:S191,0.00130112,35
Q181:Q179:Q224:Q188,T172:T170:T215:T179,0.20773234,5588
G21:Y18:T64:N25,1x32,0.00007435,2
G21:Y18:T64:N25,1x31,0.09293680,2500
V395:I417:I521:I430,V395:I417:I521:I430,0.09092937,2446
7x41,3x36,0.00204461,55
1x28,K20:P17:H63:H24,0.12754647,3431
34x57,6x31,0.00022305,6
5x47,5x48,0.00003717,1
4x42,4x38,0.13791822,3710
4x42,4x39,0.10490706,2822
5x69,5x69,0.07520446,2023
G21:Y18:T64:N25,G19:S16:G62:S23,0.31936803,8591
2x53,1x46,0.00007435,2
2x53,1x43,0.00033457,9
L174:E172:P217:P181,T172:T170:T215:T179,0.01802974,485
3x26,3x29,0.00003717,1
F182:F180:F225:F189,S184:S182:S227:S191,0.24791822,6669
G21:Y18:T64:N25,G89:G87:N132:G96,0.00784387,211
3x26,3x23,0.09312268,2505
3x26,3x25,0.08152416,2193
3x26,3x27,0.00018587,5
3x26,3x26,0.48122677,12945
8x53,7x53,0.00003717,1
3x25,Q181:Q179:Q224:Q188,0.00252788,68
4x42,34x53,0.00003717,1
2x57,2x61,0.01602230,431
4x42,34x57,0.01074349,289
6x61,Q181:Q179:Q224:Q188,0.00085502,23
6x52,6x51,0.01118959,301
6x52,6x53,0.00126394,34
6x52,6x52,0.11163569,3003
S184:S182:S227:S191,6x59,0.07494424,2016
S184:S182:S227:S191,6x55,0.00003717,1
S184:S182:S227:S191,6x51,0.00003717,1
A175:D173:P218:D182,V173:V171:V216:V180,0.67806691,18240
5x43,6x51,0.00111524,30
8x59,8x54,0.00003717,1
8x59,8x59,0.00122677,33
2x57,2x551,0.00089219,24
4x40,4x38,0.10717472,2883
4x40,4x39,0.23713755,6379
2x44,7x53,0.00003717,1
1x29,1x27,0.04505576,1212
3x26,Q177:E175:E220:Q184,0.00617100,166
4x41,4x45,0.00018587,5
P18:T15:G61:S22,7x34,0.00003717,1
3x30,Q181:Q179:Q224:Q188,0.00003717,1
2x53,7x42,0.00018587,5
2x53,7x46,0.00003717,1
45x50,Q181:Q179:Q224:Q188,0.00022305,6
2x47,7x49,0.00037175,10
6x60,6x59,0.09382900,2524
6x34,6x36,0.00014870,4
6x34,6x34,0.08107807,2181
6x34,6x33,0.04721190,1270
Q177:E175:E220:Q184,V395:I417:I521:I430,0.04687732,1261
F182:F180:F225:F189,3x33,0.00033457,9
3x38,4x57,0.00011152,3
1x40,1x39,0.00624535,168
3x38,4x53,0.00011152,3
3x38,4x50,0.00085502,23
A175:D173:P218:D182,A175:D173:P218:D182,0.87490706,23535
3x50,5x58,0.00003717,1
1x30,1x33,0.00631970,170
Q177:E175:E220:Q184,23x49,0.00133829,36
45x52,3x33,0.04587361,1234
12x50,6x32,0.00003717,1
5x67,5x69,0.12397770,3335
2x65,G19:S16:G62:S23,0.00022305,6
45x51,F182:F180:F225:F189,0.00330855,89
1x37,1x27,0.00003717,1
5x67,5x67,0.17230483,4635
Q181:Q179:Q224:Q188,E170:V168:K213:K177,0.01193309,321
7x30,7x34,0.00029740,8
7x30,7x33,0.00007435,2
34x52,34x52,0.37408922,10063
5x41,5x40,0.00066914,18
7x31,K20:P17:H63:H24,0.00126394,34
6x61,K392:A414:D518:Q427,0.17092937,4598
1x49,7x50,0.00007435,2
6x43,7x45,0.00070632,19
3x56,5x65,0.00026022,7
8x47,12x49,0.05379182,1447
3x56,5x69,0.02059480,554
5x40,3x33,0.01486989,400
34x56,12x51,0.06587361,1772
34x56,12x50,0.04405204,1185
4x38,2x41,0.00501859,135
45x51,45x51,0.12691450,3414
3x33,6x51,0.27739777,7462
Q181:Q179:Q224:Q188,4x68,0.00011152,3
Q181:Q179:Q224:Q188,4x69,0.00197026,53
Q181:Q179:Q224:Q188,4x61,0.06074349,1634
Q181:Q179:Q224:Q188,4x62,0.00007435,2
Q181:Q179:Q224:Q188,4x64,0.13256506,3566
6x58,L183:F181:L226:L190,0.02193309,590
G19:S16:G62:S23,1x30,0.00003717,1
S184:S182:S227:S191,T172:T170:T215:T179,0.06966543,1874
6x35,8x47,0.00085502,23
G176:G174:G219:N183,6x51,0.00215613,58
G176:G174:G219:N183,6x58,0.00527881,142
4x43,4x39,0.10360595,2787
7x55,6x36,0.00669145,180
1x26,1x30,0.05970260,1606
1x26,1x31,0.16182156,4353
7x55,6x32,0.02587361,696
V395:I417:I521:I430,D393:P415:S519:S428,0.13817844,3717
5x461,5x47,0.00185874,50
6x56,3x33,0.00014870,4
5x67,3x55,0.00516729,139
5x67,3x54,0.01189591,320
7x38,7x42,0.21736059,5847
7x38,7x43,0.00003717,1
5x67,3x51,0.00026022,7
1x56,1x59,0.02245353,604
6x58,K392:A414:D518:Q427,0.27427509,7378
12x48,1x58,0.21869888,5883
12x48,1x56,0.00007435,2
5x38,5x37,0.00282528,76
4x41,2x41,0.00014870,4
2x551,2x551,0.00037175,10
6x56,6x60,0.00490706,132
1x57,2x37,0.00226766,61
G19:S16:G62:S23,7x32,0.00007435,2
2x59,2x551,0.00011152,3
G176:G174:G219:N183,K392:A414:D518:Q427,0.00576208,155
4x62,4x64,0.01033457,278
4x61,4x57,0.00018587,5
Q177:E175:E220:Q184,K392:A414:D518:Q427,0.00565056,152
1x26,A175:D173:P218:D182,0.00137546,37
6x58,3x33,0.00007435,2
2x39,3x46,0.01271375,342
6x52,5x48,0.05468401,1471
5x68,5x59,0.00007435,2
34x56,6x31,0.00055762,15
6x52,6x49,0.01126394,303
6x52,5x43,0.01832714,493
7x31,Q177:E175:E220:Q184,0.17988848,4839
6x52,6x45,0.00033457,9
6x52,5x47,0.00111524,30
6x52,5x45,0.00011152,3
5x36,T172:T170:T215:T179,0.00081784,22
1x41,1x41,0.00022305,6
1x58,2x37,0.00011152,3
1x26,G176:G174:G219:N183,0.00107807,29
7x38,2x60,0.00063197,17
7x38,2x63,0.01055762,284
G21:Y18:T64:N25,A175:D173:P218:D182,0.00007435,2
8x47,8x49,0.30851301,8299
34x51,34x52,0.36208178,9740
34x51,34x53,0.00646840,174
34x51,34x50,0.04609665,1240
34x51,34x51,0.00104089,28
34x51,34x54,0.00323420,87
2x52,3x28,0.00026022,7
4x40,4x41,0.02498141,672
4x40,4x40,0.01260223,339
34x50,34x54,0.00137546,37
34x50,34x53,0.00371747,100
4x42,12x51,0.00018587,5
34x50,34x50,0.00211896,57
2x64,1x30,0.00003717,1
2x55,2x50,0.00167286,45
2x55,2x51,0.00163569,44
2x55,2x52,0.00085502,23
2x55,2x53,0.00133829,36
2x55,2x54,0.00442379,119
2x55,2x55,0.00003717,1
2x55,2x56,0.00003717,1
3x56,3x56,0.00579926,156
2x55,2x58,0.01111524,299
G21:Y18:T64:N25,Q177:E175:E220:Q184,0.00029740,8
5x36,S184:S182:S227:S191,0.29665428,7980
6x39,6x40,0.00007435,2
6x39,6x43,0.00007435,2
34x56,4x40,0.00018587,5
2x47,7x53,0.01152416,310
G176:G174:G219:N183,Q177:E175:E220:Q184,0.30516729,8209
D393:P415:S519:S428,5x40,0.00018587,5
V173:V171:V216:V180,V173:V171:V216:V180,0.03780669,1017
6x58,V395:I417:I521:I430,0.31877323,8575
6x34,5x69,0.00118959,32
3x37,3x33,0.03000000,807
3x37,3x34,0.00022305,6
3x37,3x36,0.15018587,4040
3x37,3x37,0.04457249,1199
3x22,3x25,0.00022305,6
3x22,3x24,0.00836431,225
3x22,3x26,0.47208178,12699
1x28,G89:G87:N132:G96,0.00014870,4
3x22,3x23,0.16472119,4431
F182:F180:F225:F189,6x59,0.00289963,78
5x68,5x68,0.69553903,18710
4x61,F182:F180:F225:F189,0.08736059,2350
K392:A414:D518:Q427,S184:S182:S227:S191,0.09732342,2618
Q177:E175:E220:Q184,23x50,0.01405204,378
3x26,4x69,0.00550186,148
34x57,2x41,0.00241636,65
3x26,4x61,0.23617100,6353
3x26,4x62,0.04802974,1292
3x26,4x63,0.00007435,2
3x26,4x64,0.03360595,904
3x26,4x65,0.73215613,19695
1x37,1x38,0.00003717,1
5x67,5x58,0.00066914,18
2x58,1x39,0.05750929,1547
1x37,1x37,0.00011152,3
1x37,1x33,0.00037175,10
34x57,3x56,0.00048327,13
6x35,7x55,0.09501859,2556
6x35,7x56,0.20044610,5392
23x51,23x50,0.02866171,771
6x35,7x52,0.00007435,2
2x551,1x43,0.00052045,14
12x48,12x49,0.21360595,5746
12x48,12x48,0.74315985,19991
Q177:E175:E220:Q184,K20:P17:H63:H24,0.00107807,29
L174:E172:P217:P181,2x63,0.00033457,9
2x40,4x39,0.00003717,1
G176:G174:G219:N183,V173:V171:V216:V180,0.00078067,21
P18:T15:G61:S22,V173:V171:V216:V180,0.00007435,2
5x67,6x34,0.02223048,598
1x49,7x47,0.00003717,1
3x39,3x39,0.06788104,1826
3x39,3x35,0.05375465,1446
8x47,12x51,0.00040892,11
8x47,12x50,0.00007435,2
7x55,8x51,0.24066914,6474
G176:G174:G219:N183,D393:P415:S519:S428,0.02278810,613
34x56,12x48,0.00111524,30
34x56,12x49,0.00881041,237
5x37,5x39,0.00018587,5
2x54,1x43,0.05048327,1358
R171:R169:R214:R178,Q177:E175:E220:Q184,0.44323420,11923
5x36,F182:F180:F225:F189,0.43684015,11751
2x54,1x46,0.00862454,232
6x35,8x51,0.00111524,30
3x50,34x50,0.00096654,26
3x50,34x51,0.00832714,224
3x50,34x54,0.00289963,78
3x50,34x57,0.15840149,4261
6x37,6x33,0.00011152,3
Q177:E175:E220:Q184,6x59,0.00003717,1
5x42,5x37,0.00003717,1
8x47,7x56,0.06457249,1737
Q177:E175:E220:Q184,6x51,0.05940520,1598
8x47,7x55,0.05375465,1446
8x47,7x52,0.00947955,255
8x47,7x53,0.09011152,2424
7x36,2x60,0.00014870,4
8x47,6x36,0.36267658,9756
8x47,6x33,0.00405204,109
8x47,6x32,0.15680297,4218
2x54,7x42,0.02914498,784
2x54,7x47,0.00141264,38
2x54,7x46,0.01059480,285
7x38,7x33,0.00014870,4
7x38,7x38,0.00148699,40
4x49,4x53,0.00070632,19
4x49,4x52,0.00003717,1
7x31,1x27,0.00007435,2
45x52,7x34,0.00189591,51
45x52,7x38,0.02873606,773
5x65,5x58,0.00037175,10
4x41,2x37,0.00003717,1
23x49,23x49,0.00211896,57
6x52,6x48,0.07921933,2131
Q177:E175:E220:Q184,S184:S182:S227:S191,0.00044610,12
6x52,5x41,0.00003717,1
23x52,V173:V171:V216:V180,0.00074349,20
1x49,1x46,0.00003717,1
6x52,5x40,0.00356877,96
4x61,4x62,0.02884758,776
4x61,4x63,0.00048327,13
4x61,4x64,0.04070632,1095
T172:T170:T215:T179,4x68,0.00055762,15
T172:T170:T215:T179,4x64,0.09988848,2687
3x51,3x51,0.00055762,15
3x51,3x54,0.00156134,42
12x49,8x49,0.09657993,2598
1x26,K20:P17:H63:H24,0.14620818,3933
2x65,1x30,0.00003717,1
7x47,7x42,0.07773234,2091
7x47,7x43,0.00078067,21
K392:A414:D518:Q427,V395:I417:I521:I430,0.01059480,285
5x46,5x43,0.00003717,1
5x46,5x42,0.00007435,2
D393:P415:S519:S428,7x34,0.00468401,126
8x48,12x49,0.00011152,3
V395:I417:I521:I430,7x30,0.05947955,1600
5x36,L183:F181:L226:L190,0.25847584,6953
V395:I417:I521:I430,7x34,0.02267658,610
G21:Y18:T64:N25,G21:Y18:T64:N25,0.28535316,7676
3x27,3x31,0.00018587,5
5x65,3x51,0.00698885,188
3x22,Q181:Q179:Q224:Q188,0.00011152,3
5x65,3x55,0.01501859,404
5x65,3x54,0.02862454,770
1x36,1x39,0.00260223,70
R171:R169:R214:R178,E170:V168:K213:K177,0.10033457,2699
6x31,2x37,0.00973978,262
1x36,1x32,0.00029740,8
6x47,6x51,0.72717472,19561
1x36,1x35,0.00011152,3
3x47,6x34,0.00059480,16
5x57,3x47,0.00018587,5
A175:D173:P218:D182,3x21,0.05546468,1492
6x39,6x38,0.00044610,12
A175:D173:P218:D182,Q181:Q179:Q224:Q188,0.08144981,2191
34x57,4x41,0.00092937,25
34x57,4x40,0.01111524,299
D393:P415:S519:S428,6x59,0.00096654,26
D393:P415:S519:S428,6x57,0.00315985,85
3x37,3x41,0.00011152,3
7x47,1x45,0.01100372,296
7x47,1x46,0.05791822,1558
K392:A414:D518:Q427,7x30,0.00007435,2
K392:A414:D518:Q427,7x34,0.00226766,61
4x65,45x51,0.00078067,21
4x39,4x39,0.30959108,8328
2x39,6x32,0.00263941,71
2x39,6x33,0.00382900,103
2x39,6x34,0.00074349,20
2x39,6x36,0.00275093,74
2x39,6x37,0.00003717,1
12x48,2x39,0.00040892,11
3x36,7x42,0.00040892,11
5x63,5x67,0.04899628,1318
G89:G87:N132:G96,K20:P17:H63:H24,0.00724907,195
5x63,5x65,0.03836431,1032
3x36,7x46,0.00070632,19
5x63,5x63,0.00011152,3
6x56,5x48,0.00074349,20
5x63,5x69,0.00327138,88
7x51,7x52,0.00026022,7
2x58,1x40,0.00855019,230
2x58,1x43,0.15014870,4039
1x27,1x30,0.02598513,699
7x51,7x50,0.00014870,4
K20:P17:H63:H24,2x60,0.00059480,16
K20:P17:H63:H24,2x63,0.00215613,58
K392:A414:D518:Q427,D393:P415:S519:S428,0.31107807,8368
K20:P17:H63:H24,2x65,0.00479554,129
K20:P17:H63:H24,2x66,0.01018587,274
4x40,2x41,0.00929368,250
6x36,8x49,0.00003717,1
7x51,7x54,0.00048327,13
12x48,12x50,0.03349442,901
12x48,12x51,0.28918216,7779
7x51,7x55,0.00219331,59
G21:Y18:T64:N25,P18:T15:G61:S22,0.12457249,3351
2x66,P18:T15:G61:S22,0.00237918,64
2x44,2x41,0.00014870,4
5x63,5x62,0.01375465,370
5x62,5x58,0.31085502,8362
34x50,34x52,0.01464684,394
1x36,2x61,0.00055762,15
3x39,2x45,0.16624535,4472
8x47,1x53,0.00003717,1
8x47,1x56,0.04386617,1180
8x47,1x57,0.00092937,25
5x54,3x47,0.06553903,1763
Q181:Q179:Q224:Q188,3x33,0.00368030,99
6x31,1x60,0.05211896,1402
3x26,Q181:Q179:Q224:Q188,0.45802974,12321
45x50,Q177:E175:E220:Q184,0.21617100,5815
34x56,34x51,0.02323420,625
K20:P17:H63:H24,K20:P17:H63:H24,0.28631970,7702
2x61,2x62,0.00022305,6
2x61,2x60,0.00007435,2
2x61,2x61,0.00289963,78
G19:S16:G62:S23,23x50,0.00011152,3
1x35,1x34,0.00319703,86
1x35,1x32,0.00018587,5
1x35,1x33,0.00007435,2
1x35,1x30,0.00085502,23
G176:G174:G219:N183,G19:S16:G62:S23,0.00037175,10
1x35,1x39,0.00747212,201
2x43,2x41,0.00014870,4
2x43,2x42,0.00245353,66
5x36,4x64,0.03657993,984
2x43,2x44,0.00011152,3
2x43,2x46,0.00003717,1
8x48,7x56,0.12278810,3303
Q177:E175:E220:Q184,7x42,0.03561338,958
5x42,5x41,0.00003717,1
5x42,5x43,0.00003717,1
5x36,45x52,0.00003717,1
45x50,P18:T15:G61:S22,0.00003717,1
45x50,L174:E172:P217:P181,0.02546468,685
2x52,2x56,0.00535316,144
2x52,2x51,0.01509294,406
2x52,2x53,0.00081784,22
1x41,1x38,0.00011152,3
A175:D173:P218:D182,S184:S182:S227:S191,0.00003717,1
4x49,4x45,0.00003717,1
23x52,T172:T170:T215:T179,0.00003717,1
7x32,2x63,0.00200743,54
7x32,2x60,0.00007435,2
E170:V168:K213:K177,F182:F180:F225:F189,0.00003717,1
3x22,A175:D173:P218:D182,0.09486989,2552
12x49,12x51,0.08197026,2205
12x49,12x50,0.13728625,3693
2x55,2x57,0.00130112,35
5x38,5x41,0.00003717,1
5x38,5x42,0.00044610,12
7x35,7x42,0.00081784,22
7x45,3x36,0.01405204,378
7x45,3x39,0.00706320,190
G176:G174:G219:N183,L174:E172:P217:P181,0.18962825,5101
2x55,2x551,0.00286245,77
12x49,8x56,0.00033457,9
8x54,8x53,0.00003717,1
12x49,8x52,0.00687732,185
3x37,5x47,0.00003717,1
4x44,4x40,0.17936803,4825
5x461,6x48,0.01007435,271
3x37,5x43,0.00037175,10
L183:F181:L226:L190,4x64,0.02631970,708
3x47,5x58,0.00672862,181
1x27,2x63,0.00055762,15
45x50,23x49,0.00014870,4
6x58,Q181:Q179:Q224:Q188,0.01988848,535
3x32,3x33,0.06620818,1781
3x32,3x32,0.74505576,20042
3x32,3x31,0.00104089,28
3x32,3x36,0.35026022,9422
34x55,4x40,0.00037175,10
2x65,1x27,0.00866171,233
1x43,7x39,0.00115242,31
1x51,1x55,0.00011152,3
3x27,3x28,0.00003717,1
R171:R169:R214:R178,R171:R169:R214:R178,0.61479554,16538
3x27,3x23,0.00059480,16
3x52,3x55,0.05304833,1427
3x52,3x54,0.00126394,34
2x63,23x49,0.00371747,100
3x52,3x51,0.00412639,111
3x49,3x53,0.01966543,529
3x49,3x52,0.00070632,19
3x49,4x39,0.00037175,10
Q177:E175:E220:Q184,7x39,0.00011152,3
6x60,6x57,0.00323420,87
6x31,1x59,0.01189591,320
6x47,6x48,0.01780669,479
6x31,2x40,0.03747212,1008
4x53,3x34,0.00018587,5
6x47,6x47,0.00319703,86
12x51,2x41,0.15828996,4258
8x47,2x39,0.00527881,142
8x47,2x37,0.00014870,4
2x42,7x53,0.00007435,2
3x25,3x29,0.00044610,12
6x58,6x60,0.00230483,62
6x58,6x61,0.44000000,11836
F182:F180:F225:F189,5x40,0.01490706,401
3x25,3x23,0.00007435,2
23x50,2x63,0.00171004,46
5x63,3x54,0.00003717,1
34x57,4x38,0.16728625,4500
34x57,4x39,0.14081784,3788
6x31,7x53,0.01048327,282
6x31,7x55,0.00018587,5
E170:V168:K213:K177,E170:V168:K213:K177,0.07416357,1995
2x40,12x51,0.02609665,702
3x47,3x51,0.00007435,2
7x45,7x48,0.00003717,1
7x45,7x49,0.86394052,23240
1x56,1x53,0.00022305,6
7x45,7x40,0.00089219,24
7x45,7x41,0.04319703,1162
7x45,7x42,0.00234201,63
7x45,7x43,0.00003717,1
7x45,7x45,0.07271375,1956
7x45,7x46,0.12427509,3343
1x31,7x32,0.00003717,1
4x62,3x23,0.00059480,16
5x40,6x59,0.21802974,5865
Q181:Q179:Q224:Q188,7x34,0.00003717,1
5x40,6x55,0.00345725,93
5x40,6x51,0.00840149,226
6x51,2x60,0.00011152,3
5x40,5x39,0.00014870,4
3x37,6x48,0.00014870,4
2x39,12x51,0.01635688,440
S184:S182:S227:S191,S184:S182:S227:S191,0.16152416,4345
4x40,34x54,0.00033457,9
G176:G174:G219:N183,C394:C416:C520:C429,0.00048327,13
7x50,7x47,0.00003717,1
T172:T170:T215:T179,T172:T170:T215:T179,0.35617100,9581
4x56,3x33,0.00063197,17
3x29,3x33,0.03472119,934
7x56,7x53,0.04427509,1191
G176:G174:G219:N183,G176:G174:G219:N183,0.33858736,9108
7x56,7x55,0.04267658,1148
34x56,3x56,0.00394052,106
12x50,1x58,0.00059480,16
12x50,1x59,0.00784387,211
12x50,1x56,0.00141264,38
C394:C416:C520:C429,K392:A414:D518:Q427,0.02033457,547
A175:D173:P218:D182,4x65,0.00780669,210
2x41,2x38,0.00654275,176
6x31,1x57,0.00066914,18
6x31,1x56,0.00918216,247
Q181:Q179:Q224:Q188,4x57,0.00022305,6
6x31,6x34,0.05654275,1521
6x31,6x35,0.11438662,3077
6x31,6x36,0.13156134,3539
1x26,G19:S16:G62:S23,0.06676580,1796
6x31,6x31,0.69260223,18631
6x31,6x32,0.20096654,5406
6x31,6x33,0.01092937,294
4x41,34x53,0.00003717,1
3x22,3x21,0.00230483,62
12x50,12x50,0.02527881,680
4x63,4x59,0.00022305,6
G19:S16:G62:S23,23x49,0.00234201,63
2x43,2x38,0.00003717,1
